 
fpp numeric:  [0.47949732 0.47944842 0.47939952 ... 0.21567873 0.21566494 0.21565129]
fpp:  [0.47949732 0.47944839 0.4793995  ... 0.21567869 0.21566497 0.21565126]
6.660202419385314
 
 
fpp numeric:  [0.47949732 0.47944842 0.47939952 ... 0.21567873 0.21566494 0.21565129]
fpp:  [0.47949732 0.47944839 0.4793995  ... 0.21567869 0.21566497 0.21565126]
4.499022921547294
 
 
fpp numeric:  [0.47949732 0.47944842 0.47939952 ... 0.21567873 0.21566494 0.21565129]
fpp:  [0.47949732 0.47944839 0.4793995  ... 0.21567869 0.21566497 0.21565126]
3.813735280185938
 
 
fpp numeric:  [0.47949732 0.47944842 0.47939952 ... 0.21567873 0.21566494 0.21565129]
fpp:  [0.47949732 0.47944839 0.4793995  ... 0.21567869 0.21566497 0.21565126]
3.448016844689846
 
 
fpp numeric:  [0.47949732 0.47944842 0.47939952 ... 0.21567873 0.21566494 0.21565129]
fpp:  [0.47949732 0.47944839 0.4793995  ... 0.21567869 0.21566497 0.21565126]
3.2259017676115036
 
 
fpp numeric:  [0.47949732 0.47944842 0.47939952 ... 0.21567873 0.21566494 0.21565129]
fpp:  [0.47949732 0.47944839 0.4793995  ... 0.21567869 0.21566497 0.21565126]
3.141719304025173
 
 
fpp numeric:  [0.47949732 0.47944842 0.47939952 ... 0.21567873 0.21566494 0.21565129]
fpp:  [0.47949732 0.47944839 0.4793995  ... 0.21567869 0.21566497 0.21565126]
3.060474492609501
 
 
fpp numeric:  [0.47949732 0.47944842 0.47939952 ... 0.21567873 0.21566494 0.21565129]
fpp:  [0.47949732 0.47944839 0.4793995  ... 0.21567869 0.21566497 0.21565126]
3.0269056130200624
 
